0.000 1.000
0.010 1.020
0.020 1.027
0.030 1.034
0.040 1.080
0.050 1.058
0.060 1.093
0.070 1.134
0.080 1.131
0.090 1.095
0.100 1.123
0.110 1.179
0.120 1.148
0.130 1.237
0.140 1.202
0.150 1.277
0.160 1.253
0.170 1.293
0.180 1.343
0.190 1.367
0.200 1.294
0.210 1.389
0.220 1.370
0.230 1.384
0.240 1.289
0.250 1.484
0.260 1.273
0.270 1.538
0.280 1.529
0.290 1.331
0.300 1.584
0.310 1.465
0.320 1.406
0.330 1.613
0.340 1.668
0.350 1.695
0.360 1.635
0.370 1.699
0.380 1.462
0.390 1.430
0.400 1.659
0.410 1.779
0.420 1.808
0.430 1.668
0.440 1.560
0.450 1.830
0.460 1.560
0.470 1.775
0.480 1.549
0.490 1.648
0.500 1.548
0.510 1.523
0.520 1.725
0.530 1.568
0.540 1.873
0.550 1.843
0.560 2.028
0.570 1.690
0.580 1.587
0.590 2.161
0.600 2.147
0.610 1.794
0.620 2.188
0.630 1.641
0.640 2.030
0.650 1.988
0.660 1.861
0.670 1.912
0.680 2.219
0.690 1.885
0.700 2.037
0.710 2.119
0.720 2.364
0.730 2.459
0.740 1.871
0.750 1.870
0.760 2.305
0.770 1.789
0.780 1.864
0.790 2.241
0.800 2.339
0.810 2.203
0.820 2.222
0.830 2.604
0.840 2.323
0.850 2.393
0.860 2.397
0.870 2.694
0.880 2.027
0.890 2.461
0.900 2.508
0.910 2.114
0.920 1.988
0.930 2.426
0.940 2.285
0.950 2.000
0.960 2.111
0.970 2.405
0.980 2.587
0.990 2.605
1.000 2.872
