0.000 0.273
0.040 0.467
0.080 0.095
0.120 0.817
0.160 0.358
0.200 0.980
0.240 0.966
0.280 0.284
0.320 0.940
0.360 0.388
0.400 0.318
0.440 1.144
0.480 1.167
0.520 1.251
0.560 0.589
0.600 0.925
0.640 0.486
0.680 1.177
0.720 0.491
0.760 0.771
0.800 0.904
0.840 1.040
0.880 0.739
0.920 0.934
0.960 1.164
1.000 1.412
1.040 1.775
1.080 1.832
1.120 1.550
1.160 1.277
1.200 1.237
1.240 1.883
1.280 2.092
1.320 2.146
1.360 1.780
1.400 2.107
1.440 2.221
1.480 1.647
1.520 1.573
1.560 2.077
1.600 2.416
1.640 2.406
1.680 1.718
1.720 2.099
1.760 1.904
1.800 2.285
1.840 2.008
1.880 2.175
1.920 2.560
1.960 2.597
2.000 2.683
2.040 2.080
2.080 2.613
2.120 2.105
2.160 2.290
2.200 1.968
2.240 1.806
2.280 2.194
2.320 2.317
2.360 2.522
2.400 1.744
2.440 2.340
2.480 2.199
2.520 2.053
2.560 2.260
2.600 1.771
2.640 1.321
2.680 1.250
2.720 2.089
2.760 1.445
2.800 1.141
2.840 1.832
2.880 1.513
2.920 0.927
2.960 0.653
3.000 0.655
3.040 1.089
3.080 0.195
3.120 0.659
3.160 0.860
3.200 -0.168
3.240 0.209
3.280 -0.349
3.320 -0.568
3.360 -0.206
3.400 -0.837
3.440 -0.882
3.480 -0.290
3.520 -0.730
3.560 -0.857
3.600 -0.885
3.640 -0.879
3.680 -1.674
3.720 -1.671
3.760 -2.152
3.800 -1.708
3.840 -2.075
3.880 -1.925
3.920 -2.158
3.960 -2.200
4.000 -2.450
4.040 -2.656
4.080 -2.811
4.120 -3.108
4.160 -2.826
4.200 -2.918
4.240 -3.257
4.280 -3.386
4.320 -3.414
4.360 -3.734
4.400 -4.180
4.440 -3.580
4.480 -3.682
4.520 -4.329
4.560 -3.630
4.600 -3.714
4.640 -4.476
4.680 -3.769
4.720 -3.729
4.760 -4.631
4.800 -4.604
4.840 -3.959
4.880 -4.627
4.920 -4.691
4.960 -4.111
5.000 -4.119
5.040 -3.847
5.080 -4.594
5.120 -3.887
5.160 -4.600
5.200 -3.973
5.240 -4.246
5.280 -4.116
5.320 -3.753
5.360 -3.456
5.400 -3.336
5.440 -3.891
5.480 -3.811
5.520 -2.907
5.560 -3.052
5.600 -3.473
5.640 -2.766
5.680 -2.948
5.720 -2.554
5.760 -2.748
5.800 -2.623
5.840 -2.293
5.880 -1.911
5.920 -1.965
5.960 -1.831
6.000 -0.857
6.040 -0.857
6.080 -1.035
6.120 -0.790
6.160 -0.025
6.200 -0.419
6.240 0.484
6.280 0.320
6.320 0.385
6.360 1.418
6.400 0.841
6.440 1.418
6.480 1.633
6.520 2.401
6.560 2.242
6.600 2.333
6.640 2.742
6.680 2.596
6.720 3.818
6.760 3.812
6.800 3.651
6.840 3.705
6.880 4.630
6.920 4.271
6.960 4.543
7.000 4.938
7.040 5.195
7.080 5.403
7.120 6.198
7.160 5.840
7.200 6.588
7.240 6.406
7.280 6.597
7.320 6.786
7.360 7.445
7.400 6.735
7.440 6.854
7.480 7.590
7.520 7.541
7.560 7.322
7.600 8.253
7.640 7.796
7.680 8.336
7.720 8.460
7.760 8.534
7.800 8.385
7.840 8.471
7.880 8.437
7.920 8.000
7.960 8.785
8.000 8.574
8.040 8.124
8.080 8.475
8.120 8.023
8.160 8.011
8.200 8.553
8.240 7.795
8.280 7.873
8.320 7.526
8.360 7.585
8.400 7.934
8.440 7.079
8.480 7.101
8.520 7.663
8.560 6.522
8.600 6.465
8.640 6.180
8.680 6.347
8.720 6.639
8.760 5.452
8.800 5.460
8.840 5.319
8.880 4.629
8.920 4.352
8.960 4.699
9.000 4.303
9.040 4.325
9.080 3.141
9.120 2.789
9.160 3.002
9.200 2.895
9.240 2.680
9.280 2.214
9.320 1.636
9.360 1.428
9.400 1.149
9.440 -0.135
9.480 -0.266
9.520 -0.053
9.560 -1.070
9.600 -1.084
9.640 -1.827
9.680 -2.077
9.720 -2.024
9.760 -2.518
9.800 -3.160
9.840 -3.037
9.880 -4.096
9.920 -3.777
9.960 -4.083
10.000 -5.219
10.040 -5.410
10.080 -5.558
10.120 -6.260
10.160 -6.405
10.200 -6.704
10.240 -7.027
10.280 -7.459
10.320 -7.162
10.360 -7.602
10.400 -8.609
10.440 -8.518
10.480 -8.551
10.520 -8.545
10.560 -9.341
10.600 -8.802
10.640 -9.654
10.680 -9.927
10.720 -9.494
10.760 -10.235
10.800 -10.588
10.840 -10.443
10.880 -9.903
10.920 -10.768
10.960 -10.532
11.000 -10.210
11.040 -10.056
11.080 -10.595
11.120 -10.131
11.160 -10.070
11.200 -10.358
11.240 -10.531
11.280 -9.839
11.320 -9.733
11.360 -10.234
11.400 -9.752
11.440 -9.481
11.480 -9.332
11.520 -9.763
11.560 -9.110
11.600 -9.393
11.640 -8.394
11.680 -8.055
11.720 -8.685
11.760 -7.861
11.800 -7.242
11.840 -7.600
11.880 -7.115
11.920 -7.170
11.960 -5.883
12.000 -6.275
12.040 -6.031
12.080 -5.611
12.120 -5.074
12.160 -3.818
12.200 -3.691
12.240 -3.204
12.280 -2.553
12.320 -2.232
12.360 -2.205
12.400 -1.367
12.440 -0.970
12.480 -0.115
12.520 0.223
12.560 -0.037
12.600 1.079
12.640 1.497
12.680 2.057
12.720 2.260
12.760 2.746
12.800 3.878
12.840 3.666
12.880 4.268
12.920 5.291
12.960 5.783
13.000 5.567
13.040 6.205
13.080 6.819
13.120 7.172
13.160 7.650
13.200 8.785
13.240 9.154
13.280 9.687
13.320 10.025
13.360 9.903
13.400 10.015
13.440 11.149
13.480 10.929
13.520 12.010
13.560 11.803
13.600 12.053
13.640 12.474
13.680 12.348
13.720 13.406
13.760 13.277
13.800 13.379
13.840 14.173
13.880 13.969
13.920 14.486
13.960 14.089
14.000 14.674
14.040 14.051
14.080 14.115
14.120 14.882
14.160 14.495
14.200 14.571
14.240 14.759
14.280 14.716
14.320 14.313
14.360 14.835
14.400 14.130
14.440 14.572
14.480 13.699
14.520 13.692
14.560 14.167
14.600 13.085
14.640 13.337
14.680 13.265
14.720 12.291
14.760 12.181
14.800 12.658
14.840 11.529
14.880 10.975
14.920 11.191
14.960 10.790
15.000 10.583
15.040 9.795
15.080 9.315
15.120 9.339
15.160 8.542
15.200 8.091
15.240 7.231
15.280 6.432
15.320 6.237
15.360 6.078
15.400 5.656
15.440 5.038
15.480 3.726
15.520 3.089
15.560 2.690
15.600 2.152
15.640 1.692
15.680 0.880
15.720 0.540
15.760 0.064
15.800 -0.531
15.840 -1.334
15.880 -2.428
15.920 -3.181
15.960 -3.671
16.000 -4.328
16.040 -4.336
16.080 -5.620
16.120 -5.856
16.160 -6.420
16.200 -6.796
16.240 -7.909
16.280 -8.341
16.320 -8.906
16.360 -9.819
16.400 -10.335
16.440 -10.092
16.480 -10.929
16.520 -11.884
16.560 -12.078
16.600 -12.806
16.640 -13.346
16.680 -13.391
16.720 -13.673
16.760 -14.344
16.800 -13.930
16.840 -14.375
16.880 -14.672
16.920 -15.201
16.960 -15.842
17.000 -15.706
17.040 -15.611
17.080 -15.751
17.120 -16.723
17.160 -16.129
17.200 -16.169
17.240 -17.146
17.280 -16.801
17.320 -16.964
17.360 -16.597
17.400 -16.304
17.440 -17.036
17.480 -16.925
17.520 -16.091
17.560 -16.052
17.600 -16.249
17.640 -15.863
17.680 -15.296
17.720 -15.226
17.760 -14.895
17.800 -14.676
17.840 -14.279
17.880 -14.212
17.920 -13.482
17.960 -13.301
18.000 -13.035
18.040 -12.646
18.080 -12.358
18.120 -11.493
18.160 -10.991
18.200 -10.551
18.240 -10.077
18.280 -9.624
18.320 -8.935
18.360 -8.608
18.400 -7.654
18.440 -6.787
18.480 -6.291
18.520 -5.841
18.560 -4.694
18.600 -4.515
18.640 -3.027
18.680 -3.079
18.720 -2.196
18.760 -0.849
18.800 -0.808
18.840 0.359
18.880 1.133
18.920 2.296
18.960 2.423
19.000 3.321
19.040 3.632
19.080 5.118
19.120 5.167
19.160 6.094
19.200 7.186
19.240 8.125
19.280 8.098
19.320 8.965
19.360 10.368
19.400 11.099
19.440 11.746
19.480 11.946
19.520 12.578
19.560 13.419
19.600 14.276
19.640 14.230
19.680 15.053
19.720 15.362
19.760 16.359
19.800 16.122
19.840 16.881
19.880 17.521
19.920 18.432
19.960 18.810
20.000 19.146
